2
1
40 360 1 0
320 520 0 1
56
320 40 2 1
360 40 2 1
280 80 2 1
400 80 2 1
120 160 2 1
280 160 2 1
320 160 2 1
360 160 2 1
400 160 2 1
480 160 2 1
520 160 2 1
560 160 2 1
640 160 2 1
120 200 2 1
280 200 2 1
400 200 2 1
480 200 2 1
640 200 2 1
120 240 2 1
280 240 2 1
400 240 2 1
480 240 2 1
640 240 2 1
120 280 2 1
280 280 2 1
400 280 2 1
480 280 2 1
120 320 2 1
160 320 2 1
200 320 2 1
280 320 2 1
320 320 2 1
360 320 2 1
400 320 2 1
480 320 2 1
520 320 2 1
560 320 2 1
640 320 2 1
320 400 2 1
360 400 2 1
120 480 0 1
160 480 0 1
200 480 0 1
240 480 0 1
280 480 1 1
320 480 1 1
360 480 1 1
400 480 1 1
440 480 1 1
480 480 1 1
520 480 0 1
560 480 0 1
600 480 0 1
640 480 0 1
680 480 0 1
720 480 0 1
1
40 390 0 1
